%YAML:1.0
---
body_T_cam0: !!opencv-matrix
   rows: 4
   cols: 4
   dt: d
   data: [ 9.9716457854393514e-01, -2.1555712209257359e-02,
       -7.2098228608252407e-02, 1.4230324709424502e-01,
       2.0752486604861453e-02, 9.9971416134701208e-01,
       -1.1871390059948991e-02, 2.4275249350046244e-02,
       7.2333516415360316e-02, 1.0341512142432700e-02,
       9.9732688499287769e-01, 4.0379838008306707e-01, 0., 0., 0., 1. ]
