%YAML:1.0
---
body_T_cam0: !!opencv-matrix
   rows: 4
   cols: 4
   dt: d
   data: [ 9.9859164870019224e-01, 2.4531025060453134e-02,
       -4.7041980780099503e-02, 4.8953935378977182e-03,
       -2.4900947068986136e-02, 9.9966331542260689e-01,
       -7.2937393255472034e-03, 4.4051436279911427e-01,
       4.6847219568501415e-02, 8.4548570517131300e-03,
       9.9886628404953970e-01, 2.0884823373485767e-01, 0., 0., 0., 1. ]
