[{"id": 0, "img_name": "00001.png", "width": 380, "height": 504, "position": [0.028341513612251304, 0.06348074362079346, -0.10929990782212806], "rotation": [[0.8479251424369364, 0.32519973256416695, 0.4186503977602977], [-0.44478199305218047, 0.006742982113511667, 0.8956137337519973], [0.2884302346516247, -0.9456215497591294, 0.1503604623901928]], "fy": 148.89004199999997, "fx": 148.890038}, {"id": 1, "img_name": "00002.png", "width": 380, "height": 504, "position": [0.027715331179558537, 0.0636457192765901, -0.1091161814396756], "rotation": [[0.8479389585613213, 0.3245968696599392, 0.41908988383362583], [-0.4453013127097104, 0.007257318750195973, 0.8953511345855464], [0.2875868554432249, -0.9458243946481741, 0.15069723767817744]], "fy": 148.89004199999997, "fx": 148.890038}, {"id": 2, "img_name": "00003.png", "width": 380, "height": 504, "position": [0.028986648185561813, 0.06463316192326457, -0.10971578385451579], "rotation": [[0.8475651162409948, 0.32529594870091155, 0.4193040605629113], [-0.4457081701337398, 0.007463559720603762, 0.8951471187595001], [0.28805828667442446, -0.9455827213449786, 0.15131293851127167]], "fy": 148.89004199999997, "fx": 148.890038}, {"id": 3, "img_name": "00004.png", "width": 380, "height": 504, "position": [0.028758843687711037, 0.06408733097586068, -0.10950387804942649], "rotation": [[0.8477450936928438, 0.3251886007890677, 0.4190233109698507], [-0.4453432335436822, 0.007298630461741305, 0.8953298361943838], [0.2880929807477876, -0.9456206877812335, 0.15100801338878064]], "fy": 148.89004199999997, "fx": 148.890038}, {"id": 4, "img_name": "00005.png", "width": 380, "height": 504, "position": [0.028032111629671005, 0.06377786556410246, -0.10905748438122541], "rotation": [[0.8479848387798186, 0.32441170483641985, 0.4191404519841182], [-0.44530428787281506, 0.00719381833722214, 0.8953502531620228], [0.2874469758519096, -0.945888487296648, 0.15056221140679515]], "fy": 148.89004199999997, "fx": 148.890038}, {"id": 5, "img_name": "00006.png", "width": 380, "height": 504, "position": [0.02854220834500476, 0.0640486736088989, -0.10965170484661042], "rotation": [[0.8477464834147764, 0.32551085098654825, 0.4187703738204586], [-0.4451110161476743, 0.007234552971519478, 0.8954463171755223], [0.28844778280253475, -0.9455107664798085, 0.15102149336745932]], "fy": 148.89004199999997, "fx": 148.890038}, {"id": 6, "img_name": "00007.png", "width": 380, "height": 504, "position": [0.029162370788739716, 0.06450349869754972, -0.1098948354638565], "rotation": [[0.847568681922045, 0.3256290304153786, 0.4190382628946724], [-0.44553358716262365, 0.007626906869353981, 0.8952327433030153], [0.2883178002292764, -0.9454668563850231, 0.1515429956636468]], "fy": 148.89004199999997, "fx": 148.890038}, {"id": 7, "img_name": "00008.png", "width": 380, "height": 504, "position": [0.02835443522195853, 0.06391933868209997, -0.10929239850206415], "rotation": [[0.847846890345876, 0.32483489580181324, 0.41909151941712636], [-0.44531890125229506, 0.007178262702838254, 0.8953423853022133], [0.28783065744527486, -0.9457426717668148, 0.15074141919400055]], "fy": 148.89004199999997, "fx": 148.890038}, {"id": 8, "img_name": "00009.png", "width": 380, "height": 504, "position": [0.027556964827001654, 0.06381252870235048, -0.10895226091030313], "rotation": [[0.8478235412767194, 0.32444153254413033, 0.4194435861073003], [-0.44554605735461555, 0.006919626162815396, 0.8952322298854599], [0.28754815377931725, -0.9458803976245368, 0.1504202801481987]], "fy": 148.89004199999997, "fx": 148.890038}, {"id": 9, "img_name": "00010.png", "width": 380, "height": 504, "position": [0.02773698802161282, 0.06406438398329149, -0.10944987324572143], "rotation": [[0.8477897620100067, 0.32484928332729757, 0.4191960067698519], [-0.4455412814594035, 0.0075383637738595235, 0.8952290366853778], [0.2876548547922685, -0.9457351662758756, 0.15112487923669213]], "fy": 148.89004199999997, "fx": 148.890038}, {"id": 10, "img_name": "00011.png", "width": 380, "height": 504, "position": [0.027982959611352335, 0.06399566109972164, -0.10951492832971896], "rotation": [[0.8476176811706558, 0.32508174234258613, 0.4193639437628354], [-0.44566344817380643, 0.00722777515282252, 0.8951713717809077], [0.2879728242293759, -0.94565826527863, 0.15100344999650925]], "fy": 148.89004199999997, "fx": 148.890038}, {"id": 11, "img_name": "00012.png", "width": 380, "height": 504, "position": [0.027887387006671715, 0.06365194549076239, -0.10918903122882094], "rotation": [[0.8478178420069883, 0.3249791651849064, 0.41903853330951174], [-0.44515067340893305, 0.006729729991086789, 0.8954298223617199], [0.28817638377569893, -0.9456966908088918, 0.15037043156248905]], "fy": 148.89004199999997, "fx": 148.890038}, {"id": 12, "img_name": "00013.png", "width": 380, "height": 504, "position": [0.028737540938511105, 0.0643757820193151, -0.10913905573339229], "rotation": [[0.847423141998733, 0.3252915403118655, 0.41959396405302624], [-0.44578389707169475, 0.006710684786536754, 0.895114230936932], [0.28835810718578875, -0.9455888023426339, 0.15069684814590092]], "fy": 148.89004199999997, "fx": 148.890038}, {"id": 13, "img_name": "00014.png", "width": 380, "height": 504, "position": [0.025020286899430397, 0.06792669592226638, -0.1099609094277812], "rotation": [[0.8436387983155946, 0.3266505198909591, 0.4261139589019066], [-0.4521900900521595, 0.004375738781864642, 0.8919111779367545], [0.28947848033093854, -0.9451353684657428, 0.15139958356469316]], "fy": 148.89004199999997, "fx": 148.890038}, {"id": 14, "img_name": "00015.png", "width": 380, "height": 504, "position": [0.03193232292733477, 0.061906674182860694, -0.10887794084046153], "rotation": [[0.8421633858564073, 0.33179833234041284, 0.4250536110561576], [-0.45000979179739237, -0.0018089994624583086, 0.8930213410994163], [0.29707220149691876, -0.9433481833494214, 0.14778914796409398]], "fy": 148.89004199999997, "fx": 148.890038}, {"id": 15, "img_name": "00016.png", "width": 380, "height": 504, "position": [0.029908060775906627, 0.06476782146992235, -0.10529108477775631], "rotation": [[0.8414066266609788, 0.33324332790339345, 0.42542169343837066], [-0.4457368328299201, -0.017123869475110562, 0.8949996926987179], [0.3055379005931204, -0.9426848139648365, 0.1341308404577894]], "fy": 148.89004199999997, "fx": 148.890038}, {"id": 16, "img_name": "00017.png", "width": 380, "height": 504, "position": [0.02515990556026971, 0.06966520231619434, -0.11241318247166894], "rotation": [[0.8475636461705955, 0.33392483196333134, 0.4124680125807497], [-0.4272678083974619, -0.03161692676899442, 0.9035713378991337], [0.31476638116432054, -0.9420685481236817, 0.11587818085742924]], "fy": 148.89004199999997, "fx": 148.890038}, {"id": 17, "img_name": "00018.png", "width": 380, "height": 504, "position": [0.018257107315897168, 0.07807350455974367, -0.10820465172141779], "rotation": [[0.8521666667347999, 0.3374855916366404, 0.39989443149487125], [-0.411340388279335, -0.040325226979548934, 0.9105897685889323], [0.32343649434339583, -0.9404669675891366, 0.10445753236769495]], "fy": 148.89004199999997, "fx": 148.890038}, {"id": 18, "img_name": "00019.png", "width": 380, "height": 504, "position": [0.018676439502675533, 0.08629272959703393, -0.09673019563631478], "rotation": [[0.8575102336517042, 0.3436609416947529, 0.3828485781757838], [-0.394589315484125, -0.0381625480167181, 0.9180634739270659], [0.33011384212649014, -0.9383168053524027, 0.10288048116291708]], "fy": 148.89004199999997, "fx": 148.890038}, {"id": 19, "img_name": "00020.png", "width": 380, "height": 504, "position": [0.01936047858728519, 0.09030086087479706, -0.0917630064350021], "rotation": [[0.8625958797952502, 0.34746132227544535, 0.3676944826731958], [-0.37884180092907105, -0.03802630218518188, 0.924680926540031], [0.3352722668735488, -0.936923986009917, 0.09883128709673616]], "fy": 148.89004199999997, "fx": 148.890038}, {"id": 20, "img_name": "00021.png", "width": 380, "height": 504, "position": [0.018690007338575617, 0.0955238383743017, -0.08663976703740127], "rotation": [[0.8650381180619029, 0.35059587698125344, 0.35887561599843143], [-0.3680688311778545, -0.042607738622652325, 0.9288222982907905], [0.34093182930004634, -0.9355576183916009, 0.09218597428493265]], "fy": 148.89004199999997, "fx": 148.890038}, {"id": 21, "img_name": "00022.png", "width": 380, "height": 504, "position": [0.021171311406770744, 0.09898422261694542, -0.08106361076034782], "rotation": [[0.8683836307444956, 0.35215101340316135, 0.34914097979498976], [-0.35554755252123943, -0.04865305474774694, 0.9333905629449061], [0.34568149778262, -0.9346773073406559, 0.08295702444401297]], "fy": 148.89004199999997, "fx": 148.890038}, {"id": 22, "img_name": "00023.png", "width": 380, "height": 504, "position": [0.018918460015033323, 0.1026993859173653, -0.08023916792635716], "rotation": [[0.8701562575909948, 0.3509345827562076, 0.34593773988494286], [-0.34929600383299625, -0.055929990702689406, 0.9353413480953603], [0.3475921503102097, -0.934727796942122, 0.0739123020903696]], "fy": 148.89004199999997, "fx": 148.890038}, {"id": 23, "img_name": "00024.png", "width": 380, "height": 504, "position": [0.02242767074049643, 0.10380519344251249, -0.07532468685968605], "rotation": [[0.8706873817167168, 0.35190971315437747, 0.34360327660342654], [-0.34487869567285095, -0.06124775437045964, 0.9366476555526851], [0.3506598682142001, -0.9340287464360785, 0.06803834141062987]], "fy": 148.89004199999997, "fx": 148.890038}, {"id": 24, "img_name": "00025.png", "width": 380, "height": 504, "position": [0.025829021548118593, 0.10688180898103963, -0.07223228913720456], "rotation": [[0.86867948684982, 0.3569195906363261, 0.3435178671870519], [-0.3437125351855774, -0.06510447420672866, 0.9368161401659433], [0.356732129773934, -0.9318643641319858, 0.06612264603956856]], "fy": 148.89004199999997, "fx": 148.890038}, {"id": 25, "img_name": "00026.png", "width": 380, "height": 504, "position": [0.028071870932254873, 0.11058891623196765, -0.06656291848639626], "rotation": [[0.8654308765034966, 0.36683050438941783, 0.341269530735048], [-0.3406618417974003, -0.06864567930672809, 0.9376770137404763], [0.3673949116440205, -0.9277521509559865, 0.0655569514324875]], "fy": 148.89004199999997, "fx": 148.890038}, {"id": 26, "img_name": "00027.png", "width": 380, "height": 504, "position": [0.029494580102099058, 0.11433317541666961, -0.06056758921978297], "rotation": [[0.8602491091516892, 0.38102557071045723, 0.3388082265317151], [-0.3382117328454952, -0.07083873227151846, 0.9384001946552922], [0.3815551384353812, -0.9218468506363806, 0.06792833260587963]], "fy": 148.89004199999997, "fx": 148.890038}, {"id": 27, "img_name": "00028.png", "width": 380, "height": 504, "position": [0.02967899776820782, 0.11669686506771344, -0.055884256518262475], "rotation": [[0.8550585314369468, 0.3982024160501149, 0.33212906152783095], [-0.3315105195397199, -0.07271348762553899, 0.9406451514554666], [0.39871751039302444, -0.914410936818903, 0.06983403179032896]], "fy": 148.89004199999997, "fx": 148.890038}, {"id": 28, "img_name": "00029.png", "width": 380, "height": 504, "position": [0.028050622239274448, 0.12148977825802286, -0.04930664384905288], "rotation": [[0.8501397329859789, 0.41287442851451095, 0.32679794578470983], [-0.32688043881413137, -0.07274558694920702, 0.9422608538113909], [0.41280912030982436, -0.9078772186719448, 0.0731169005659564]], "fy": 148.89004199999997, "fx": 148.890038}, {"id": 29, "img_name": "00030.png", "width": 380, "height": 504, "position": [0.027983681826927995, 0.12496688034436781, -0.04448611248577513], "rotation": [[0.8446834351715194, 0.4267033949967687, 0.32316242069156736], [-0.32396631913586815, -0.07305256359758155, 0.9432433742359858], [0.4260933718265972, -0.9014357723502896, 0.07653139187454364]], "fy": 148.89004199999997, "fx": 148.890038}, {"id": 30, "img_name": "00031.png", "width": 380, "height": 504, "position": [0.027247347206515855, 0.12697512113674891, -0.037197259798968096], "rotation": [[0.8412559381125945, 0.4382258384512464, 0.3166171732700448], [-0.3194560053843098, -0.06953812436671951, 0.9450457429560462], [0.4361607278512261, -0.8961705809549584, 0.08149463937638315]], "fy": 148.89004199999997, "fx": 148.890038}, {"id": 31, "img_name": "00032.png", "width": 380, "height": 504, "position": [0.026740538874237066, 0.1303540263458744, -0.03361717353815901], "rotation": [[0.836304778480965, 0.45173204857821225, 0.31069677915335303], [-0.3169906483137742, -0.06397976841448355, 0.9462682570526212], [0.4473379719748245, -0.8898566411007587, 0.08968823454600762]], "fy": 148.89004199999997, "fx": 148.890038}, {"id": 32, "img_name": "00033.png", "width": 380, "height": 504, "position": [0.027235186976994664, 0.132413693513254, -0.030009280830604505], "rotation": [[0.8323922163112663, 0.46248047619559673, 0.30534363689792376], [-0.3147132553957628, -0.05903343104646042, 0.9473483572804305], [0.4561562170291648, -0.8846610380827354, 0.09641002865788233]], "fy": 148.89004199999997, "fx": 148.890038}, {"id": 33, "img_name": "00034.png", "width": 380, "height": 504, "position": [0.029056264475459205, 0.13299106603601507, -0.028364675752206997], "rotation": [[0.8293764785903571, 0.47175014272951254, 0.29931016615576816], [-0.31238331223891286, -0.0525960291714214, 0.9484993618198616], [0.4631969764194871, -0.8801625849652573, 0.10374485155831879]], "fy": 148.89004199999997, "fx": 148.890038}, {"id": 34, "img_name": "00035.png", "width": 380, "height": 504, "position": [0.03208568634516545, 0.13512454181151073, -0.024356442358400017], "rotation": [[0.8262449859133527, 0.4818299577549125, 0.2918204495304318], [-0.3074845817707247, -0.04828951635247052, 0.9503271619657302], [0.47198783345286205, -0.8749333543798956, 0.10825625554176195]], "fy": 148.89004199999997, "fx": 148.890038}, {"id": 35, "img_name": "00036.png", "width": 380, "height": 504, "position": [0.03394003786847967, 0.14161791921650704, -0.01769252367302911], "rotation": [[0.8206298864076128, 0.49565810230652324, 0.2844106468811833], [-0.3019475018270685, -0.04645558352185659, 0.9521913183273415], [0.4851742744435956, -0.8672736858543928, 0.11154009156241616]], "fy": 148.89004199999997, "fx": 148.890038}, {"id": 36, "img_name": "00037.png", "width": 380, "height": 504, "position": [0.03511279645743911, 0.14683408651867014, -0.005112293571538862], "rotation": [[0.8134061715128176, 0.5133839192475916, 0.27350953195269523], [-0.29378979747078265, -0.043245591678814074, 0.9548916181956498], [0.5020538492164727, -0.8570690748453197, 0.11565062237922095]], "fy": 148.89004199999997, "fx": 148.890038}, {"id": 37, "img_name": "00038.png", "width": 380, "height": 504, "position": [0.03573650384311079, 0.1551074001083476, 0.009157097894858923], "rotation": [[0.8061270988070428, 0.530258866141026, 0.2626496391335681], [-0.28477762278407504, -0.04143681968362421, 0.9576981551609766], [0.5187109056301121, -0.8468232316818666, 0.1176023363770003]], "fy": 148.89004199999997, "fx": 148.890038}, {"id": 38, "img_name": "00039.png", "width": 380, "height": 504, "position": [0.03396511642072759, 0.16309067588952686, 0.02129360426999225], "rotation": [[0.7993333179052503, 0.5466971449523575, 0.24937588433443472], [-0.2735399607820496, -0.0384550557170105, 0.9610912226913244], [0.5350158781213835, -0.8364464598406113, 0.1188052393253326]], "fy": 148.89004199999997, "fx": 148.890038}, {"id": 39, "img_name": "00040.png", "width": 380, "height": 504, "position": [0.03114544429894679, 0.16951499222631236, 0.03198584008285659], "rotation": [[0.7925629813046206, 0.5622614031602646, 0.23602164040666004], [-0.26215380528174165, -0.03528882864170799, 0.9643811368438963], [0.5505628779715384, -0.8262068198945549, 0.11943019042450177]], "fy": 148.89004199999997, "fx": 148.890038}, {"id": 40, "img_name": "00041.png", "width": 380, "height": 504, "position": [0.02877059866005181, 0.1754701138909948, 0.03999801866403396], "rotation": [[0.7855415708204906, 0.5759900191661358, 0.22618629336954765], [-0.2546416318547186, -0.032252802088986954, 0.9664982383656175], [0.5639879261239787, -0.8168210962374016, 0.12133486333526682]], "fy": 148.89004199999997, "fx": 148.890038}, {"id": 41, "img_name": "00042.png", "width": 380, "height": 504, "position": [0.027139026351319036, 0.1830473633327704, 0.048425275190381534], "rotation": [[0.7786844459420876, 0.5899778552042367, 0.2134857527314004], [-0.24596522758027203, -0.025972070616195355, 0.9689294363065004], [0.5771924662294798, -0.8070001710585052, 0.12489040823194317]], "fy": 148.89004199999997, "fx": 148.890038}, {"id": 42, "img_name": "00043.png", "width": 380, "height": 504, "position": [0.02849652592590294, 0.18811870529783045, 0.05158763032659846], "rotation": [[0.7719918913337978, 0.602994410310248, 0.20106272608851714], [-0.23509882491475456, -0.023015140068438883, 0.971698853437662], [0.590556535152437, -0.7974132306294907, 0.12399580952344183]], "fy": 148.89004199999997, "fx": 148.890038}, {"id": 43, "img_name": "00044.png", "width": 380, "height": 504, "position": [0.028913674717104383, 0.19224101282331033, 0.05636450287510092], "rotation": [[0.7674063379230902, 0.6115572136971779, 0.19257535742675363], [-0.22848264381557262, -0.019791369154513485, 0.973346753023386], [0.5990685898861197, -0.7909525867718409, 0.12454220197760905]], "fy": 148.89004199999997, "fx": 148.890038}, {"id": 44, "img_name": "00045.png", "width": 380, "height": 504, "position": [0.031133746151455165, 0.1955827406602516, 0.05884945587677032], "rotation": [[0.761716257449259, 0.621205258631519, 0.18409825952042078], [-0.22259313971035635, -0.015940691856216483, 0.9747806589721437], [0.608473858652766, -0.7834852044555972, 0.12613390490652526]], "fy": 148.89004199999997, "fx": 148.890038}, {"id": 45, "img_name": "00046.png", "width": 380, "height": 504, "position": [0.03132628943434005, 0.20045390292011295, 0.06451839392680316], "rotation": [[0.7582445624364645, 0.6279589789331129, 0.17530750158788472], [-0.2187474433507918, -0.008267480248435658, 0.9757465196935973], [0.6141781137122978, -0.7782025671018812, 0.13109563677317201]], "fy": 148.89004199999997, "fx": 148.890038}, {"id": 46, "img_name": "00047.png", "width": 380, "height": 504, "position": [0.03054361997726552, 0.20523381402689864, 0.0702528777049467], "rotation": [[0.7524649499353036, 0.6377535462854953, 0.16452044001014188], [-0.21496014262686616, 0.0016867366834396728, 0.9766214934618861], [0.6225662198213885, -0.7702388062219158, 0.13836075549513788]], "fy": 148.89004199999997, "fx": 148.890038}, {"id": 47, "img_name": "00048.png", "width": 380, "height": 504, "position": [0.028764363607066263, 0.20830606023730422, 0.07771148000433466], "rotation": [[0.746013823796644, 0.6478689191103116, 0.1540427845453876], [-0.21151237338273604, 0.011180438046211834, 0.9773112526013631], [0.631447410102902, -0.7616696345569249, 0.1453730990585744]], "fy": 148.89004199999997, "fx": 148.890038}, {"id": 48, "img_name": "00049.png", "width": 380, "height": 504, "position": [0.027113674654463196, 0.208745098096725, 0.08506867531569866], "rotation": [[0.7374555762752363, 0.6602632334217811, 0.14216776661823094], [-0.20854437154678684, 0.02239535187953228, 0.9777563415245513], [0.642392758653113, -0.7507001271391489, 0.15420980456943434]], "fy": 148.89004199999997, "fx": 148.890038}, {"id": 49, "img_name": "00050.png", "width": 380, "height": 504, "position": [0.025359236881132136, 0.2076698595099272, 0.08862704218275536], "rotation": [[0.7282507999470498, 0.6718807976046167, 0.13500620071938596], [-0.2055581537737064, 0.026228674313088143, 0.9782928272704833], [0.6537555551118813, -0.7401940315092488, 0.15721184569959934]], "fy": 148.89004199999997, "fx": 148.890038}, {"id": 50, "img_name": "00051.png", "width": 380, "height": 504, "position": [0.026361466743741742, 0.2077815808548233, 0.09033814272948477], "rotation": [[0.7178106901404817, 0.6842804797546852, 0.12848255526373586], [-0.20277405949547342, 0.028928477394501793, 0.978797676204849], [0.666055720473991, -0.7286442445905851, 0.15951969934528637]], "fy": 148.89004199999997, "fx": 148.890038}, {"id": 51, "img_name": "00052.png", "width": 380, "height": 504, "position": [0.03273127252862203, 0.20387782774694074, 0.09278272190109685], "rotation": [[0.7091213702899571, 0.6938983802624064, 0.12510721884831844], [-0.20069452111665534, 0.028544743221999656, 0.9792377443533747], [0.6759204742663953, -0.7195066981215235, 0.1595033658678581]], "fy": 148.89004199999997, "fx": 148.890038}, {"id": 52, "img_name": "00053.png", "width": 380, "height": 504, "position": [0.03659082618157605, 0.2028062824072929, 0.0956886113400888], "rotation": [[0.7027349889716529, 0.701130461021413, 0.12074626690652113], [-0.19884259074975166, 0.030602239039689453, 0.9795536162386724], [0.6830997060809546, -0.7123761222909109, 0.16091982614702155]], "fy": 148.89004199999997, "fx": 148.890038}, {"id": 53, "img_name": "00054.png", "width": 380, "height": 504, "position": [0.030982518697583096, 0.20433371525920052, 0.09933635904607477], "rotation": [[0.6993742973585235, 0.705464718568552, 0.11486798629958507], [-0.19464709041078387, 0.033348016829062264, 0.9803055200522768], [0.6877409640381646, -0.7079589912596227, 0.160639734325816]], "fy": 148.89004199999997, "fx": 148.890038}, {"id": 54, "img_name": "00055.png", "width": 380, "height": 504, "position": [0.033269100099393475, 0.20460850893684926, 0.1055653524523436], "rotation": [[0.6938818387710687, 0.7117347248795483, 0.10937105610654976], [-0.1935882955532036, 0.03808420349780385, 0.9803439567447307], [0.6935790642299071, -0.7014159843500449, 0.16420920042534148]], "fy": 148.89004199999997, "fx": 148.890038}, {"id": 55, "img_name": "00056.png", "width": 380, "height": 504, "position": [0.03235092282107404, 0.20334076931905612, 0.11005820017066453], "rotation": [[0.6931642916849737, 0.7134846174282505, 0.10228785175518035], [-0.1871639023653781, 0.04112675304510896, 0.9814671473359223], [0.6960551541184005, -0.6994624995963777, 0.16204627401041632]], "fy": 148.89004199999997, "fx": 148.890038}, {"id": 56, "img_name": "00057.png", "width": 380, "height": 504, "position": [0.027119350975189367, 0.20466429027178218, 0.1154279771144259], "rotation": [[0.6943579224759202, 0.7142786854821046, 0.087592101868467], [-0.17431914495143536, 0.04885456829608443, 0.9834754786800932], [0.6981971444708003, -0.6981526630527127, 0.15843545365342893]], "fy": 148.89004199999997, "fx": 148.890038}, {"id": 57, "img_name": "00058.png", "width": 380, "height": 504, "position": [0.020323992346288906, 0.20915435112357092, 0.12288016432618666], "rotation": [[0.7006339193581974, 0.7101247450770427, 0.06953104558450421], [-0.16381289315678152, 0.06524441139491481, 0.9843308800379263], [0.6944617022604014, -0.7010454990868271, 0.16204029549245766]], "fy": 148.89004199999997, "fx": 148.890038}, {"id": 58, "img_name": "00059.png", "width": 380, "height": 504, "position": [0.018987509715677794, 0.2059783798119589, 0.125575063040131], "rotation": [[0.7064488764983078, 0.7062774439623942, 0.04584191151509342], [-0.14117517735120813, 0.07714953238939264, 0.9869728431789009], [0.6935408264848331, -0.7037172699477653, 0.15421147074164523]], "fy": 148.89004199999997, "fx": 148.890038}, {"id": 59, "img_name": "00060.png", "width": 380, "height": 504, "position": [0.007854639126020383, 0.20818280321006927, 0.13305181643203112], "rotation": [[0.7187529715792671, 0.6950334467022633, 0.017975749581599122], [-0.11829586844908233, 0.09677299252468254, 0.988252261664737], [0.6851282413648746, -0.7124359291492552, 0.1517751898735302]], "fy": 148.89004199999997, "fx": 148.890038}, {"id": 60, "img_name": "00061.png", "width": 380, "height": 504, "position": [-0.00040744911112084267, 0.20810903070660053, 0.14068532965271874], "rotation": [[0.7259435279610923, 0.687671361178108, -0.01068725082008727], [-0.09082171341224043, 0.11125628082814955, 0.9896331940705422], [0.681731277474863, -0.7174472394879265, 0.1432211990098518]], "fy": 148.89004199999997, "fx": 148.890038}, {"id": 61, "img_name": "00062.png", "width": 380, "height": 504, "position": [-0.007946356133316278, 0.20459347505448322, 0.1446419665809687], "rotation": [[0.7336557328247898, 0.6786208292852798, -0.03497838608769222], [-0.06510631788559512, 0.12143729392188939, 0.9904623370549946], [0.6763955091546074, -0.7243812834503809, 0.13327543439066042]], "fy": 148.89004199999997, "fx": 148.890038}, {"id": 62, "img_name": "00063.png", "width": 380, "height": 504, "position": [-0.013920236864695987, 0.19791993522524812, 0.14724685845224433], "rotation": [[0.7369191084578641, 0.6732805779678076, -0.060362533454909585], [-0.04151727271687632, 0.13420652745106992, 0.9900835316685733], [0.6747048896961637, -0.7271054579264945, 0.12685205768698468]], "fy": 148.89004199999997, "fx": 148.890038}, {"id": 63, "img_name": "00064.png", "width": 380, "height": 504, "position": [-0.018056189843267317, 0.1908155765366342, 0.14606892510951172], "rotation": [[0.7396731707226479, 0.6674767483849358, -0.08578068396916694], [-0.01609230640336963, 0.1449733677016667, 0.9893045771630176], [0.6727737904016216, -0.7303816119581259, 0.11797418010081467]], "fy": 148.89004199999997, "fx": 148.890038}, {"id": 64, "img_name": "00065.png", "width": 380, "height": 504, "position": [-0.023152875670727695, 0.18420897159307406, 0.14473194721786384], "rotation": [[0.7385525916262399, 0.6643258896143842, -0.11493988209228728], [0.011691114597195086, 0.15783915858567663, 0.9873956151416714], [0.6740944903697159, -0.7305873632561556, 0.10880581167909589]], "fy": 148.89004199999997, "fx": 148.890038}, {"id": 65, "img_name": "00066.png", "width": 380, "height": 504, "position": [-0.029995454582232465, 0.1775082143967506, 0.14320313532437193], "rotation": [[0.7373968667730803, 0.6600493173915645, -0.14346221838322148], [0.044295154944997, 0.16468003632328448, 0.9853529763957393], [0.6740062675828052, -0.7329511903629553, 0.0921973212247446]], "fy": 148.89004199999997, "fx": 148.890038}, {"id": 66, "img_name": "00067.png", "width": 380, "height": 504, "position": [-0.03523217284366983, 0.1721223168286181, 0.13973214666178446], "rotation": [[0.7343419616835536, 0.6558852258658313, -0.17480494898644058], [0.07976447914811613, 0.17236032941492652, 0.9817996386214061], [0.6740770190159684, -0.7349200453258992, 0.07425497922245458]], "fy": 148.89004199999997, "fx": 148.890038}, {"id": 67, "img_name": "00068.png", "width": 380, "height": 504, "position": [-0.04243213320603004, 0.166762579618943, 0.13564771355079194], "rotation": [[0.736061349738106, 0.6444888254309005, -0.20699662696866955], [0.11637400895002269, 0.1807610383052737, 0.9766175264364654], [0.6668362165649137, -0.7429393358792347, 0.05804952963567522]], "fy": 148.89004199999997, "fx": 148.890038}, {"id": 68, "img_name": "00069.png", "width": 380, "height": 504, "position": [-0.05413477719641332, 0.16180717355432242, 0.139269246374126], "rotation": [[0.7398802046660952, 0.6283908594965969, -0.24021433884808047], [0.1505620766394973, 0.1933378521301306, 0.969512126309102], [0.6556745091622017, -0.7534902983340411, 0.0484348578102556]], "fy": 148.89004199999997, "fx": 148.890038}, {"id": 69, "img_name": "00070.png", "width": 380, "height": 504, "position": [-0.06838787881426707, 0.16012956946666496, 0.1556521979909391], "rotation": [[0.7466229122334793, 0.6092161393536826, -0.26722589265129226], [0.17916602463420347, 0.20270597859060432, 0.9627092248607919], [0.6406664637462005, -0.7666584712675424, 0.04219413908783695]], "fy": 148.89004199999997, "fx": 148.890038}, {"id": 70, "img_name": "00071.png", "width": 380, "height": 504, "position": [-0.07523867279894823, 0.15841329184795933, 0.16381940637672252], "rotation": [[0.7414589467529008, 0.6044961974922993, -0.291244462751739], [0.20441324883377476, 0.20992277163048736, 0.9561112657602538], [0.639104227467961, -0.768451609426257, 0.03208202939540338]], "fy": 148.89004199999997, "fx": 148.890038}, {"id": 71, "img_name": "00072.png", "width": 380, "height": 504, "position": [-0.08707539212272195, 0.15551370285149937, 0.16256392713074], "rotation": [[0.731230629079476, 0.6031379159823572, -0.31863226195834427], [0.23837668907739426, 0.21171894428803512, 0.9478142893580378], [0.6391231635301065, -0.7690253749462639, 0.01104134506860647]], "fy": 148.89004199999997, "fx": 148.890038}, {"id": 72, "img_name": "00073.png", "width": 380, "height": 504, "position": [-0.09305791640373572, 0.15029978302565852, 0.15038323110910576], "rotation": [[0.7189008685506164, 0.6032766755862851, -0.3453094392691181], [0.2701744152497079, 0.2152047479596067, 0.9384520153869735], [0.6404585400314925, -0.7679476886695826, -0.008279023872369928]], "fy": 148.89004199999997, "fx": 148.890038}, {"id": 73, "img_name": "00074.png", "width": 380, "height": 504, "position": [-0.10940641294120533, 0.1456040199599158, 0.15301464724876834], "rotation": [[0.7177617895545721, 0.5909264066895236, -0.36827086700912376], [0.2976190770504424, 0.21778243562131858, 0.9295117713218893], [0.6294762383015635, -0.7767723153713199, -0.019555016188044495]], "fy": 148.89004199999997, "fx": 148.890038}, {"id": 74, "img_name": "00075.png", "width": 380, "height": 504, "position": [-0.11944136373452788, 0.1491963177564045, 0.16167098006395977], "rotation": [[0.7218308550009556, 0.574597773538986, -0.3857432431735605], [0.31823691395803, 0.21937097860870328, 0.9222810296720466], [0.6145614026315726, -0.7884886998191549, -0.024509495603633705]], "fy": 148.89004199999997, "fx": 148.890038}, {"id": 75, "img_name": "00076.png", "width": 380, "height": 504, "position": [-0.12609726409770722, 0.15846780330734908, 0.1653268929651731], "rotation": [[0.723445244127244, 0.5628034091616315, -0.39984817148552365], [0.33666956323779196, 0.2180373877625712, 0.9160301343992463], [0.6027270051968353, -0.7973141943890577, -0.03174063085263231]], "fy": 148.89004199999997, "fx": 148.890038}, {"id": 76, "img_name": "00077.png", "width": 380, "height": 504, "position": [-0.13964482426224234, 0.16694038262335006, 0.16161715675543797], "rotation": [[0.7246467635322754, 0.5529278248921397, -0.41128826853867617], [0.3539131174708091, 0.21350044223025647, 0.910584152366854], [0.5912974925192801, -0.8054122011241299, -0.04097601150377512]], "fy": 148.89004199999997, "fx": 148.890038}, {"id": 77, "img_name": "00078.png", "width": 380, "height": 504, "position": [-0.1476684213989296, 0.17610365334043282, 0.15779898238967452], "rotation": [[0.7216996662960881, 0.551448449869658, -0.4183950674802263], [0.36374271204135694, 0.2121335150926534, 0.9070233033271798], [0.5889321393779002, -0.806786613968094, -0.047488675495976455]], "fy": 148.89004199999997, "fx": 148.890038}, {"id": 78, "img_name": "00079.png", "width": 380, "height": 504, "position": [-0.1602797774014809, 0.18117763514592256, 0.1548695362214168], "rotation": [[0.7147485466575951, 0.5535243476159216, -0.4274868877819532], [0.3721954010141835, 0.21644641574345713, 0.9025634516553049], [0.5921189290109063, -0.8042145220004518, -0.05131444709818171]], "fy": 148.89004199999997, "fx": 148.890038}, {"id": 79, "img_name": "00080.png", "width": 380, "height": 504, "position": [-0.16922957963855545, 0.19080151384864347, 0.1609867951186096], "rotation": [[0.7054345183128248, 0.5570243100725393, -0.43827600277428524], [0.3789013749042463, 0.22620831770126335, 0.8973644799416286], [0.5989955631849584, -0.799095225710584, -0.051482115469330195]], "fy": 148.89004199999997, "fx": 148.890038}, {"id": 80, "img_name": "00081.png", "width": 380, "height": 504, "position": [-0.1872614006830477, 0.1939020259020667, 0.16610121830439367], "rotation": [[0.6966436757528089, 0.5587004979853609, -0.45004656211226574], [0.38574876900881755, 0.23720534666516138, 0.8915901147064039], [0.6048851475497988, -0.7947256123876378, -0.0502704395348327]], "fy": 148.89004199999997, "fx": 148.890038}, {"id": 81, "img_name": "00082.png", "width": 380, "height": 504, "position": [-0.20244762847141842, 0.1943208904714251, 0.1628487895170899], "rotation": [[0.6880148496650529, 0.5637981669148386, -0.4569107003335727], [0.3918906650748635, 0.24126496330602393, 0.8878138301557528], [0.6107843054000565, -0.7898881676364787, -0.05495336605541314]], "fy": 148.89004199999997, "fx": 148.890038}, {"id": 82, "img_name": "00083.png", "width": 380, "height": 504, "position": [-0.21584221672245615, 0.2033720766954289, 0.1648883668883869], "rotation": [[0.6818954688892217, 0.5687603227708948, -0.4599239715036593], [0.39188786524437136, 0.246843843962355, 0.8862796014608495], [0.6176101241044878, -0.7845886349756416, -0.05456856462181795]], "fy": 148.89004199999997, "fx": 148.890038}, {"id": 83, "img_name": "00084.png", "width": 380, "height": 504, "position": [-0.22794427279673077, 0.20953065946045113, 0.16536688851756215], "rotation": [[0.6735375763376372, 0.5757005013015144, -0.46359034177512215], [0.3905498992879886, 0.25530969060794306, 0.8844702362033965], [0.6275490804328627, -0.7767790904528357, -0.05287910086643154]], "fy": 148.89004199999997, "fx": 148.890038}, {"id": 84, "img_name": "00085.png", "width": 380, "height": 504, "position": [-0.24455375965788725, 0.21062913130573785, 0.17695483699428569], "rotation": [[0.6703478592480815, 0.5777654650078528, -0.46564004359945615], [0.3874748948749182, 0.2626230069560494, 0.8836809341237667], [0.6328481560380141, -0.7727974216678273, -0.04782083751144237]], "fy": 148.89004199999997, "fx": 148.890038}, {"id": 85, "img_name": "00086.png", "width": 380, "height": 504, "position": [-0.25752177716271296, 0.21266854567712953, 0.18002361904651323], "rotation": [[0.6683983658477034, 0.5822444527971012, -0.4628553106751577], [0.3822746824611792, 0.2649017297658051, 0.8852644679319166], [0.6380514936761744, -0.7686471935944208, -0.045517430561915]], "fy": 148.89004199999997, "fx": 148.890038}, {"id": 86, "img_name": "00087.png", "width": 380, "height": 504, "position": [-0.2630960412448294, 0.22078352116799294, 0.17589121074249042], "rotation": [[0.6649056776906328, 0.5876605655984313, -0.4610376563168901], [0.3804133021548807, 0.26476153006595354, 0.8861080842202772], [0.642795753288133, -0.7645631936062852, -0.04751245926009772]], "fy": 148.89004199999997, "fx": 148.890038}, {"id": 87, "img_name": "00088.png", "width": 380, "height": 504, "position": [-0.2765844215269588, 0.2220239739940773, 0.17992261185583172], "rotation": [[0.6616385716665881, 0.5879829175915346, -0.46530669555158943], [0.3836394810847989, 0.26772603941901113, 0.8838230322876816], [0.6442476083444776, -0.7632813979586773, -0.048435581555324084]], "fy": 148.89004199999997, "fx": 148.890038}, {"id": 88, "img_name": "00089.png", "width": 380, "height": 504, "position": [-0.2839268189918326, 0.22206705458785853, 0.1862759685451204], "rotation": [[0.6583884221001209, 0.5870222129608555, -0.47109445501889385], [0.384553803847443, 0.27568896172745105, 0.8809737627599963], [0.6470266115125952, -0.7611841565715772, -0.04423121644902571]], "fy": 148.89004199999997, "fx": 148.890038}, {"id": 89, "img_name": "00090.png", "width": 380, "height": 504, "position": [-0.29497999874378367, 0.22566002428730791, 0.189454011112588], "rotation": [[0.6544845046619664, 0.5881552833974298, -0.47510273622929894], [0.3841539359448687, 0.2825452097826052, 0.8789723125554267], [0.6512104121241794, -0.7577862068899501, -0.04102068043501732]], "fy": 148.89004199999997, "fx": 148.890038}, {"id": 90, "img_name": "00091.png", "width": 380, "height": 504, "position": [-0.3087796886821477, 0.22729996643781483, 0.19505259782606882], "rotation": [[0.6448827137927552, 0.5923923042110267, -0.48290611518459553], [0.3876814011599407, 0.2909743794170714, 0.8746647271194822], [0.6586577938245266, -0.7512699991240722, -0.04201515204921514]], "fy": 148.89004199999997, "fx": 148.890038}, {"id": 91, "img_name": "00092.png", "width": 380, "height": 504, "position": [-0.3242661561722432, 0.2277352099522056, 0.20048700309932035], "rotation": [[0.6352609058455704, 0.5936331672516543, -0.4940082710766776], [0.39137242724980764, 0.30398864693970135, 0.868573713568213], [0.6657868520344876, -0.7451122972088513, -0.03921957772155915]], "fy": 148.89004199999997, "fx": 148.890038}, {"id": 92, "img_name": "00093.png", "width": 380, "height": 504, "position": [-0.3384161575819637, 0.22721107841073848, 0.2044166372623011], "rotation": [[0.6279425176126148, 0.5932165192673163, -0.5037681732281118], [0.39712479874839696, 0.31245008979749905, 0.8629408242304606], [0.6693131593718029, -0.7419360708126213, -0.03938029526144869]], "fy": 148.89004199999997, "fx": 148.890038}, {"id": 93, "img_name": "00094.png", "width": 380, "height": 504, "position": [-0.346730528353584, 0.2282331788984588, 0.21316063405499366], "rotation": [[0.6257995501203296, 0.5891826731142099, -0.5111154238001028], [0.40229586650158133, 0.31758788241920743, 0.8586596971282237], [0.6682314228918799, -0.7429685170843948, -0.03827940681965225]], "fy": 148.89004199999997, "fx": 148.890038}, {"id": 94, "img_name": "00095.png", "width": 380, "height": 504, "position": [-0.35444585424586145, 0.22893222996169313, 0.2171942837666555], "rotation": [[0.6266361149887683, 0.5814773607964481, -0.5188552137163522], [0.4101952755124082, 0.3199923586515265, 0.8540162582229713], [0.662620924712421, -0.7479893129203533, -0.03800048694804141]], "fy": 148.89004199999997, "fx": 148.890038}, {"id": 95, "img_name": "00096.png", "width": 380, "height": 504, "position": [-0.36134945577136, 0.23149644715907208, 0.22346134269227366], "rotation": [[0.6301447745542197, 0.5646367037693862, -0.533012358960162], [0.4222464972967313, 0.32689766058083997, 0.8454847092532036], [0.651632317774737, -0.7578402805451654, -0.032423006659427024]], "fy": 148.89004199999997, "fx": 148.890038}, {"id": 96, "img_name": "00097.png", "width": 380, "height": 504, "position": [-0.37180490211401207, 0.22595294693462573, 0.2281405915162384], "rotation": [[0.6323237457478221, 0.5489202756817873, -0.5466743343330777], [0.4305670616178199, 0.3376208647747934, 0.8370325357413041], [0.6440328425809351, -0.7646554723436901, -0.022861296552018896]], "fy": 148.89004199999997, "fx": 148.890038}, {"id": 97, "img_name": "00098.png", "width": 380, "height": 504, "position": [-0.3815851012944939, 0.22075881041697235, 0.23006475876572702], "rotation": [[0.6255019812108631, 0.5385103069463977, -0.5645829992036185], [0.44217536896158244, 0.35152170110100844, 0.8251748358804794], [0.6428283260412108, -0.7657931940146662, -0.018238473453132825]], "fy": 148.89004199999997, "fx": 148.890038}, {"id": 98, "img_name": "00099.png", "width": 380, "height": 504, "position": [-0.40025110143654313, 0.22118964748113926, 0.2291892572011238], "rotation": [[0.6187275883917019, 0.5384251637085158, -0.5720784110883834], [0.44650814369982667, 0.35813313130061797, 0.8199815735486401], [0.6463790242247087, -0.762782830453745, -0.018824367155072158]], "fy": 148.89004199999997, "fx": 148.890038}, {"id": 99, "img_name": "00100.png", "width": 380, "height": 504, "position": [-0.4119652502160258, 0.22242572139005748, 0.232521621898189], "rotation": [[0.6072987330596161, 0.5499124275429611, -0.573397949780471], [0.44691953163110915, 0.360244372082091, 0.818833294346993], [0.6568499212341202, -0.7535392184341353, -0.02699065823834458]], "fy": 148.89004199999997, "fx": 148.890038}, {"id": 100, "img_name": "00101.png", "width": 380, "height": 504, "position": [-0.4167672773205853, 0.220640742123464, 0.23814160922952005], "rotation": [[0.6007628171534641, 0.5638556596541187, -0.5667021489041217], [0.43721586230492243, 0.36172726072841827, 0.8234054084849479], [0.669273352409532, -0.742442571549692, -0.029214355376382357]], "fy": 148.89004199999997, "fx": 148.890038}, {"id": 101, "img_name": "00102.png", "width": 380, "height": 504, "position": [-0.4230757591496596, 0.21488770963054782, 0.2479774818833093], "rotation": [[0.5953353515653363, 0.5805131680277144, -0.5554993989314775], [0.41650430748032846, 0.36825660024359197, 0.8312100501284616], [0.6870948131933015, -0